#!/bin/bash
#SBATCH --job-name=OSPRED_simulation
#SBATCH --time=8:30:00
#SBATCH --mail-user=xxxxxx
#SBATCH --mem=5GB 
#SBATCH --cpus-per-task=1
#SBATCH -o record/OSPRED-%a.out
#SBATCH --array=0-179
#SBATCH --mail-type=ALL

C=(1 1 1 1 1 1 1 1 1 1 1 1 1 1 1 1 1 1 1 1 
1 1 1 1 1 1 1 1 1 1 1 1 1 1 1 1 1 1 1 1
1 1 1 1 1 1 1 1 1 1 1 1 1 1 1 1 1 1 1 1
2 2 2 2 2 2 2 2 2 2 2 2 2 2 2 2 2 2 2 2
2 2 2 2 2 2 2 2 2 2 2 2 2 2 2 2 2 2 2 2
2 2 2 2 2 2 2 2 2 2 2 2 2 2 2 2 2 2 2 2
3 3 3 3 3 3 3 3 3 3 3 3 3 3 3 3 3 3 3 3
3 3 3 3 3 3 3 3 3 3 3 3 3 3 3 3 3 3 3 3
3 3 3 3 3 3 3 3 3 3 3 3 3 3 3 3 3 3 3 3) 
D=(1 1 1 1 1 1 1 1 1 1 1 1 1 1 1 1 1 1 1 1 
2 2 2 2 2 2 2 2 2 2 2 2 2 2 2 2 2 2 2 2
3 3 3 3 3 3 3 3 3 3 3 3 3 3 3 3 3 3 3 3
1 1 1 1 1 1 1 1 1 1 1 1 1 1 1 1 1 1 1 1
2 2 2 2 2 2 2 2 2 2 2 2 2 2 2 2 2 2 2 2
3 3 3 3 3 3 3 3 3 3 3 3 3 3 3 3 3 3 3 3
1 1 1 1 1 1 1 1 1 1 1 1 1 1 1 1 1 1 1 1
2 2 2 2 2 2 2 2 2 2 2 2 2 2 2 2 2 2 2 2
3 3 3 3 3 3 3 3 3 3 3 3 3 3 3 3 3 3 3 3
)
E=(1 6 11 16 21 26 31 36 41 46 51 56 61 66 71 76 81 86 91 96
1 6 11 16 21 26 31 36 41 46 51 56 61 66 71 76 81 86 91 96
1 6 11 16 21 26 31 36 41 46 51 56 61 66 71 76 81 86 91 96
1 6 11 16 21 26 31 36 41 46 51 56 61 66 71 76 81 86 91 96
1 6 11 16 21 26 31 36 41 46 51 56 61 66 71 76 81 86 91 96
1 6 11 16 21 26 31 36 41 46 51 56 61 66 71 76 81 86 91 96
1 6 11 16 21 26 31 36 41 46 51 56 61 66 71 76 81 86 91 96
1 6 11 16 21 26 31 36 41 46 51 56 61 66 71 76 81 86 91 96
1 6 11 16 21 26 31 36 41 46 51 56 61 66 71 76 81 86 91 96)
Rscript /home/sidiwang/simulation/multi-state/simulation_3JM.R ${C[$SLURM_ARRAY_TASK_ID]} ${D[$SLURM_ARRAY_TASK_ID]} ${E[$SLURM_ARRAY_TASK_ID]}